161,524
165,523
168,521
172,520
176,520
179,519
182,518
186,517
189,516
192,516
196,517
199,517
202,516
206,516
209,517
212,520
217,521
220,522
223,520
227,517
230,516
233,517
237,517
240,517
243,518
246,520
250,523
253,523
257,522
261,521
264,520
267,524
271,528
274,530
277,532
281,534
284,535
287,535
291,537
294,537
297,539
302,543
305,547
308,548
312,548
315,548
318,548
322,548
325,547
328,543
331,540
335,538
338,536
342,538
346,540
349,541
352,543
356,543
359,543
362,544
366,544
369,545
372,546
376,546
379,544
382,543
387,543
390,543
393,544
397,545
400,548
403,551
407,552
410,551
413,549
417,546
420,544
423,542
427,540
431,538
434,537
437,537
441,536
444,537
447,536
451,534
454,532
457,530
461,529
464,531
467,532
472,534
475,534
478,535
482,536
485,535
488,533
492,531
495,528
498,528
502,528
505,530
508,530
512,530
516,529
519,528
522,526
526,523
529,525
532,529
536,531
539,530
542,528
546,526
549,524
552,522
557,521
560,518
563,517
567,516
570,515
573,512
577,507
580,504
583,503
587,500
590,497
593,493
596,491
601,493
604,497
607,497
611,496
614,494
617,493
621,492
624,494
627,493
631,491
634,490
637,490
642,491
645,494
648,496
652,496
655,497
658,498
662,498
665,497
668,496
672,496
675,496
678,496
681,495
686,496
689,497
692,500
696,502
699,502
702,502
706,503
709,501
712,498
716,499
719,502
722,506
727,509
730,511
733,511
737,511
740,513
743,514
747,514
750,516
753,520
757,523
760,526
763,524
766,521
771,516
774,514
777,514
781,516
784,517
787,519
791,521
794,524
797,530
801,534
804,537
807,540
812,542
815,544
818,548
822,554
825,557
828,562
832,567
835,569
838,571
842,571
845,571
848,578
852,583
856,585
859,588
862,590
866,591
869,595
872,597
876,597
879,600
882,599
886,597
889,599
892,597
897,598
900,596
903,588
907,587
910,586
913,586
917,581
920,577
923,572
927,570
930,570
933,564
937,560
941,557
944,556
947,556
951,554
954,553
957,549
961,544
964,542
967,543
971,540
974,539
977,538
982,537
985,538
988,535
992,534
995,533
998,533
1002,532
1005,531
1009,527
1013,525
1016,524
1020,524
1025,522
1028,521
1032,519
1036,515
1039,512
1043,507
1047,507
1050,509
1054,509
1058,511
1061,510
1065,511
1070,508
1073,507
1077,508
1080,510
1084,514
1088,520
1091,523
1095,527
1099,532
1102,537
1106,541
1111,546
1114,552
1118,557
1122,560
1125,562
1129,562
1133,562
1136,565
1140,570
1144,574
1147,578
1152,585
1156,588
1159,588
1163,592
1166,593
1170,596
1174,597
1177,596
1181,591
1185,588
1188,586
1192,581
1197,579
1200,574
1204,571
1208,569
1211,564
1215,564
1219,568
1222,570
1226,564
1230,564
1233,561
1238,558
1242,553
1245,551
1249,551
1252,553
1256,554
1260,556
1263,554
1267,550
1271,544
1274,544
1278,541
1283,538
1286,536
1290,539
1294,538
1297,542
1301,544
1305,546
1308,543
1312,540
1316,533
1319,529
1324,526
1328,522
1331,520
1335,519
1338,518
1342,517
1346,513
1349,511
1353,507
1357,503
1360,500
1364,498
1369,498
1372,497
1376,497
1380,496
1383,495
1387,492
1391,489
1394,494
1398,496
1402,502
1405,509
1410,513
1414,516
1417,518
1421,518
1424,519
1428,521
1432,524
1435,522
1439,520
1443,518
1446,517
1451,517
1455,516
1458,515
1462,514
1466,509
1469,507
1473,504
1477,499
1480,495
1484,491
1488,491
1491,496
1496,496
1500,499
1503,500
1507,503
1510,508
1514,509
1518,517
1521,520
1525,524
1529,529
1532,533
1537,540
1541,546
1544,552
1548,555
1552,556
1555,553
1559,544
1563,539
1566,533
1570,529
1574,528
1577,528
1582,529
1586,528
1589,519
1593,506
1596,487
1600,472
1604,455
1607,438
1611,421
1615,402
1618,386
1623,372
1627,358
1630,347
1634,339
1638,333
1641,329
1645,324
1649,319
1652,311
1656,304
1660,295
1664,289
1668,286
1672,282
1675,278
1679,273
1682,267
1686,266
1690,265
1693,267
1697,269
1701,275
1704,287
1709,296
1713,301
1716,307
1720,311
1724,315
1727,315
1731,311
1735,309
1738,314
1742,320
1746,319
1750,330
1754,338
1758,327
1761,313
1765,309
1768,312
1772,325
1776,337
1779,356
1783,365
1787,346
1790,320
1795,296
1799,281
1802,276
1806,279
1810,285
1813,295
1817,308
1821,314
1824,319
1828,324
1832,328
1836,336
1840,344
1844,350
1847,357
1851,361
1854,367
1858,373
1862,379
1865,382
1869,387
1873,392
1876,395
1881,398
1885,395
1888,395
1892,396
1896,402
1899,407
1903,410
1907,412
1910,416
1914,421
1918,422
1922,423
1926,426
1930,424
1933,424
1937,424
1941,422
1944,423
1948,419
1951,416
1955,415
1959,414
1963,418
1967,422
1971,425
1974,432
1978,436
1982,441
1985,444
1989,445
1993,449
1996,451
2000,455
2004,456
2008,458
2012,458
2016,461
2019,467
2023,476
2027,483
2030,489
2034,494
2037,501
2041,504
2045,505
2049,504
2053,502
2057,502
2060,498
2064,498
2068,497
2071,496
2075,495
2079,496
2082,498
2086,500
2091,500
2094,499
2098,500
2102,501
2105,500
2109,503
2113,506
2116,506
2120,508
2123,510
2127,510
2131,512
2135,515
2139,518
2143,520
2146,525
2150,527
2154,527
2157,528
2161,526
2165,524
2168,522
2172,519
2177,521
2180,525
2184,527
2188,529
2191,527
2195,525
2199,522
2202,522
2206,523
2209,521
2213,518
2217,515
2221,514
2225,514
2229,516
2232,519
2236,522
2240,521
2243,521
2247,521
2251,521
2254,523
2258,524
2263,527
2266,532
2270,533
2274,531
2277,532
2281,532
2285,534
2288,537
2292,542
2295,550
2299,551
2304,552
2307,555
2311,555
2315,556
2318,557
2322,558
2326,559
2329,556
2333,555
2337,555
2340,558
2344,555
2349,555
2352,556
2356,556
2360,556
2363,556
2367,553
2371,549
2374,543
2378,544
2381,547
2385,551
2390,555
2393,560
2397,563
2401,569
2404,570
2408,572
2412,571
2415,569
2419,566
2423,562
2426,560
2430,557
2435,558
2438,557
2442,555
2446,554
2449,551
2453,550
2457,550
2460,554
2464,557
2467,561
2471,567
2476,568
2479,569
2483,571
2487,571
2490,570
2494,565
2498,559
2501,558
2505,557
2509,552
2512,547
2516,544
2521,542
2524,541
2528,542
2532,542
2535,540
2539,539
2543,538
2546,535
2550,532
2553,533
2557,536
2562,539
2565,538
2569,535
2573,529
2576,528
2580,527
2584,525
2587,522
2591,521
2595,521
2598,523
2603,523
2607,520
2610,519
2614,517
2618,514
2621,511
2625,508
2629,510
2632,512
2636,514
2639,518
2643,526
2648,528
2651,528
2655,528
2659,528
2662,528
2666,524
2670,521
2673,519
2677,519
2681,519
2684,517
2689,515
2693,512
2696,512
2700,512
2704,512
2707,514
2711,516
2715,519
2718,519
2722,522
2725,523
2729,524
2734,523
2737,521
2741,520
2745,521
2748,519
2752,516
2756,512
2759,510
2763,509
2767,507
2770,504
2775,500
2779,506
2782,513
2786,517
2790,520
2793,525
2797,529
2801,529
2804,528
2808,527
2811,527
2816,527
2820,526
2823,524
2827,524
2831,520
2834,515
2838,509
2842,505
2845,505
2849,503
2853,503
2856,506
2861,508
2865,509
2868,507
2872,502
2876,501
2879,498
2883,497
2887,493
2890,493
2894,495
2898,498
2902,502
2906,503
2909,505
2913,502
2917,499
2920,496
2924,493
2928,491
2931,489
2935,488
2939,486
2942,483
2947,483
2951,485
2954,488
2958,492
2962,493
2965,493
2969,494
2973,495
2976,499
2980,499
2984,500
2988,498
2992,496
2995,494
2999,493
3003,492
3006,491
3010,488
3014,483
3017,482
3021,487
3025,492
3028,494
3033,495
3037,496
3040,499
3044,501
3048,502
3051,502
3055,502
3059,504
3062,507
3066,509
3070,507
3074,506
3078,503
3081,503
3085,503
3089,503
3092,506
3096,506
3100,506
3103,508
3107,510
3111,514
3115,515
3119,521
3123,523
3126,525
3130,525
3134,523
3137,522
3141,522
3145,522
3148,521
3152,519
3156,515
3160,512
3164,508
3167,504
3171,501
3175,500
3178,500
3182,502
3186,503
3189,505
3193,507
3197,509
3201,511
3205,511
3209,510
3212,511
3216,511
3220,509
3223,507
3227,508
3231,507
3234,507
3238,511
3243,512
3246,510
3250,511
3253,513
3257,514
3261,516
3264,517
3268,514
3272,512
3275,512
3279,511
3283,508
3287,508
3291,510
3295,508
3298,507
3302,507
3306,506
3309,504
3313,503
3317,500
3320,498
3324,498
3329,497
3332,497
3336,497
3339,497
3343,497
3347,495
3350,491
3354,490
3358,492
3361,492
3365,491
3369,492
3373,494
3377,496
3381,495
3384,493
3388,493
3392,496
3395,498
3399,502
3403,504
3406,506
3410,508
3415,510
3418,511
3422,510
3425,508
3429,507
3433,508
3436,511
3440,514
3444,516
3447,514
3451,513
3456,513
3459,511
3463,509
3467,510
3470,511
3474,511
3478,511
3481,512
3485,512
3489,510
3492,509
3496,507
3501,506
3504,509
3508,511
3511,511
3515,514
3519,518
3522,516
3526,518
3530,521
3533,521
3537,520
3542,521
3545,520
3549,518
3553,517
3556,518
3560,521
3564,524
3567,523
3571,522
3575,522
3578,522
3582,523
3587,521
3590,521
3594,521
3597,520
3601,523
3605,527
3608,530
3612,533
3616,535
3619,536
3623,537
3628,538
3631,540
3635,540
3639,538
3642,533
3646,530
3650,526
3653,523
3657,516
3661,515
3664,515
3668,514
3673,515
3676,516
3680,517
3683,517
3687,517
3691,516
3694,517
3698,522
3702,528
3705,532
3709,534
3714,533
3717,531
3721,527
3725,526
3728,529
3732,532
3736,533
3739,533
3743,534
3747,531
3750,533
3755,538
3759,540
3762,534
3766,534
3769,538
3773,538
3777,537
3780,536
3784,536
3788,541
3791,543
3795,543
3800,548
3803,550
3807,551
3811,551
3814,550
3818,546
3822,540
3825,542
3829,542
3833,542
3836,542
3841,544
3845,545
3848,547
3852,548
3856,549
3859,551
3863,554
3866,552
3870,551
3874,554
3877,555
3881,556
3886,555
3889,555
3893,557
3897,556
3900,555
3904,553
3908,550
3911,543
3915,539
3919,537
3922,538
3927,541
3931,545
3934,549
3938,551
3942,551
3945,555
3949,555
3952,552
3956,551
3960,547
3963,546
3968,544
3972,540
3975,539
3979,537
3983,536
3986,534
3990,531
3994,531
3997,530
4001,530
4005,533
4008,533
4013,532
4017,533
4020,535
4024,534
4028,534
4031,534
4035,536
4038,536
4042,536
4046,536
4049,537
4054,536
4058,535
4061,533
4065,530
4069,528
4072,523
4076,521
4080,522
4083,526
4087,531
4091,533
4094,533
4099,532
4103,530
4106,530
4110,531
4114,533
4117,533
4121,533
4124,529
4128,530
4132,533
4135,532
4140,532
4144,530
4147,528
4151,531
4155,528
4158,526
4162,524
4166,527
4169,529
4173,530
4177,534
4180,532
4185,533
4189,533
4192,532
4196,534
4200,537
4203,539
4207,536
4210,536
4214,537
4218,537
4221,538
4226,536
4230,533
4233,530
4237,527
4241,525
4244,526
4248,525
4252,522
4255,522
4259,524
4263,530
4267,533
4271,533
4275,532
4278,531
4282,532
4286,534
4289,538
4293,540
4296,540
4300,544
4304,545
4307,544
4312,543
4316,543
4319,542
4323,542
4327,542
4330,544
4334,541
4338,542
4341,542
4345,542
4349,543
4353,543
4357,543
4361,544
4364,543
4368,543
4372,545
4375,546
4379,547
4382,543
4386,546
4390,544
4393,543
4398,541
4402,541
4405,538
4409,537
4413,539
4416,540
4420,539
4424,539
4427,538
4431,541
4435,546
4439,544
4443,546
4447,549
4450,548
4454,551
4458,551
4461,553
4465,552
4468,553
4472,553
4476,552
4480,552
4484,552
4488,552
4491,550
4495,543
4499,544
4502,545
4506,546
4510,547
4513,548
4517,547
4521,547
4525,550
4529,550
4533,548
4536,550
4540,556
4544,558
4547,560
4551,563
4554,568
4558,567
4562,563
4566,561
4570,558
4574,558
4577,557
4581,553
4585,551
4588,549
4592,554
4596,560
4599,558
4603,557
4608,556
4611,554
4615,556
4619,559
4622,563
4626,566
4630,566
4633,567
4637,572
4640,567
4644,559
4648,553
4652,550
4656,551
4660,555
4663,553
4667,558
4671,553
4674,550
4678,549
4682,550
4685,554
4689,548
4694,551
4697,558
4701,563
4705,561
4708,564
4712,567
4716,571
4719,570
4723,567
4726,563
4730,562
4734,561
4738,555
4742,550
4746,549
4749,551
4753,552
4757,551
4760,546
4764,543
4768,542
4771,545
4775,543
4780,540
4783,543
4787,551
4791,553
4794,557
4798,560
4802,559
4805,560
4809,565
4813,571
4816,575
4820,578
4824,585
4828,591
4832,595
4835,598
4839,602
4843,606
4846,614
4850,614
4854,613
4857,617
4861,621
4866,622
4869,625
4873,631
4877,629
4880,627
4884,625
4888,622
4891,617
4895,619
4899,620
4902,615
4907,609
4910,604
4914,602
4918,605
4921,603
4925,601
4929,596
4932,598
4936,598
4940,598
4943,600
4947,604
4952,610
4955,610
4959,611
4963,609
4966,605
4970,603
4974,601
4977,602
4981,595
4985,589
4988,585
4993,588
4996,588
5000,583
5004,578
5007,579
5011,577
5015,572
5018,567
5022,565
5026,563
5029,563
5033,567
5038,566
5041,568
5045,572
5049,565
5052,566
5056,569
5060,571
5063,572
5067,568
5071,567
5074,568
5079,564
5082,558
5086,554
5090,556
5093,560
5097,563
5101,563
5104,568
5108,569
5112,566
5115,567
5120,566
5124,563
5127,561
5131,557
5135,553
5138,560
5142,556
5146,553
5149,549
5153,545
5157,536
5160,531
5165,525
5168,523
5172,528
5176,522
5179,520
5183,522
5187,520
5190,522
5194,520
5198,517
5201,514
5206,512
5210,513
5213,513
5217,512
5221,513
5224,511
5228,508
5232,505
5235,503
5239,503
5243,502
5246,503
5251,506
5254,506
5258,510
5262,509
5265,503
5269,504
5273,504
5276,500
5280,497
5284,494
5287,497
5292,494
5296,492
5299,495
5303,493
5307,492
5310,491
5314,492
5318,492
5321,493
5325,495
5329,491
5332,485
5337,481
5340,482
5344,484
5348,480
5351,477
5355,478
5359,480
5362,481
5366,485
5370,491
5373,494
5378,498
5382,496
5385,497
5389,496
5393,493
5396,490
5400,487
5404,483
5407,481
5411,480
5415,478
5419,476
5423,479
5426,480
5430,482
5434,482
5437,479
5441,474
5445,473
5448,475
5452,476
5456,476
5459,480
5464,481
5468,481
5471,479
5475,475
5479,470
5482,470
5486,466
5490,465
5493,461
5497,460
5501,454
5505,452
5509,450
5512,449
5516,449
5520,448
5523,450
5527,451
5531,452
5534,451
5538,450
5542,451
5545,453
5550,455
5554,457
5557,458
5561,460
5565,460
5568,460
5572,461
5576,472
5579,473
5583,471
5587,469
5591,471
5595,470
5598,469
5602,469
5606,470
5609,471
5613,471
5617,469
5620,466
5624,463
5628,463
5632,462
5636,463
5640,464
5643,464
5647,463
5651,463
5654,459
5658,461
5662,464
5665,462
5669,459
5673,459
5677,460
5681,458
5684,458
5688,459
5692,460
5695,459
5699,461
5703,460
5706,457
5710,458
5714,459
5718,459
5722,461
5726,462
5729,464
5733,465
5737,465
5740,465
5744,464
5748,464
5751,463
5755,464
5760,463
5763,458
5767,454
5771,450
5774,452
5778,454
5781,455
5785,457
5789,457
5792,459
5796,460
5800,460
5804,460
5808,459
5812,461
5815,461
5819,461
5823,460
5826,459
5830,458
5834,458
5837,458
5841,458
5846,458
5849,460
5853,458
5857,457
5860,457
5864,459
5867,461
5871,458
5875,464
5878,468
5882,471
5886,472
5890,472
5894,473
5898,471
5901,473
5905,475
5909,476
5912,477
5916,479
5920,480
5923,477
5927,474
5932,473
5935,471
5939,471
5943,474
5946,476
5950,479
5953,480
5957,481
5961,484
5964,483
5968,482
5972,481
5976,483
5980,485
5984,484
5987,483
5991,484
5995,484
5998,484
6002,483
6006,478
6009,475
6013,473
6018,472
6021,472
6025,471
6029,469
6032,463
6036,460
6039,459
6043,457
6047,459
6050,459
6054,459
6059,462
6062,464
6066,466
6070,465
6073,469
6077,468
6081,467
6084,463
6088,461
6092,459
6095,460
6099,459
6104,456
6107,456
6111,457
6115,457
6118,460
6122,465
6125,468
6129,471
6133,473
6136,476
6140,477
6145,476
6148,475
6152,475
6156,475
6159,474
6163,470
6167,471
6170,470
6174,469
6178,469
6181,473
6185,473
6190,471
6193,470
6197,468
6201,468
6204,471
6208,472
6211,475
6215,478
6219,480
6222,483
6226,486
6231,490
6234,494
6238,492
6242,490
6245,488
6249,485
6253,484
6256,482
6260,482
6264,478
6267,480
6272,485
6276,487
6279,489
6283,488
6287,490
6290,491
6294,491
6297,493
6301,495
6305,493
6308,494
6312,499
6317,502
6320,507
6324,509
6328,509
6331,506
6335,505
6339,502
6342,505
6346,508
6350,505
6353,504
6358,502
6362,499
6365,501
6369,499
6373,500
6376,507
6380,506
6383,503
6387,504
6391,505
6394,504
6398,507
6403,506
6406,508
6410,505
6414,509
6417,503
6421,495
6425,491
6428,492
6432,489
6436,483
6439,478
6444,478
6448,479
6451,478
6455,480
6459,487
6462,491
6466,483
6469,476
6473,476
6477,479
6480,479
6484,475
6489,479
6492,476
6496,477
6500,495
6503,495
6507,492
6511,488
6514,483
6518,480
6522,476
6525,477
6530,486
6534,488
6537,483
6541,482
6545,482
6548,489
6552,493
6555,496
6559,491
6563,489
6566,496
6571,495
6575,490
6578,478
6582,469
6586,469
6589,468
6593,467
6597,465
6600,465
6604,484
6608,483
6611,483
6616,475
6620,470
6623,474
6627,497
6631,495
6634,488
6638,486
6641,480
6645,477
6649,484
6652,483
6657,483
6661,490
6664,494
6668,487
6672,479
6675,475
6679,476
6683,484
6686,490
6690,492
6694,498
6697,502
6702,501
6706,505
6709,495
6713,491
6717,494
6720,493
6724,487
6728,507
6731,508
6735,501
6738,506
6743,513
6747,515
6750,505
6754,488
6758,480
6761,484
6765,484
6769,486
6772,492
6776,496
6780,495
6784,491
6788,494
6792,512
6795,521
6799,507
6803,506
6806,502
6810,496
6814,502
6817,499
6821,499
6824,507
6829,506
6833,503
6836,505
6840,502
6844,503
6847,507
6851,501
6855,516
6858,517
6862,508
6866,502
6870,494
6874,490
6878,501
6881,501
6885,498
6889,491
6892,493
6896,495
6900,493
6903,503
6907,506
6910,497
6915,494
6919,494
6922,490
6926,489
6930,486
6933,486
6937,493
6941,497
6944,495
6948,491
6952,490
6956,487
6960,490
6964,501
6967,496
6971,492
6975,492
6978,489
6982,487
6986,489
6989,489
6993,494
6996,493
7001,488
7005,492
7008,484
7012,482
7016,484
7019,483
7023,482
7027,488
7030,494
7034,496
7038,502
7042,499
7046,503
7050,507
7053,510
7057,513
7061,511
7064,512
7068,516
7072,520
7075,513
7079,509
7083,514
7087,518
7091,528
7094,523
7098,518
7102,519
7105,521
7109,522
7113,523
7116,517
7120,518
7124,519
7128,521
7132,522
7136,521
7139,527
7143,530
7147,523
7150,523
7154,524
7158,524
7161,521
7165,524
7169,524
7173,520
7177,525
7180,523
7184,523
7188,525
7191,535
7195,537
7199,529
7202,526
7206,522
7211,520
7214,526
7218,521
7222,517
7225,522
7229,525
7233,526
7236,522
7240,524
7244,529
7247,531
7251,526
7255,522
7259,517
7263,518
7266,520
7270,524
7274,519
7277,517
7281,520
7285,526
7288,526
7292,520
7297,520
7300,521
7304,526
7308,527
7311,535
7315,539
7319,529
7322,522
7326,522
7330,523
7333,523
7337,523
7341,522
7345,522
7349,528
7352,534
7356,534
7360,535
7363,532
7367,536
7371,547
7374,545
7378,545
7383,544
7386,549
7390,552
7394,552
7397,553
7401,552
7405,551
7408,550
7412,557
7416,553
7419,551
7424,554
7427,551
7431,553
7435,548
7438,546
7442,542
7446,547
7449,545
7453,551
7457,553
7460,550
7464,541
7469,539
7472,539
7476,545
7480,538
7483,530
7487,530
7491,533
7494,535
7498,530
7502,525
7505,524
7510,524
7513,525
7517,524
7521,529
7524,534
7528,531
7532,536
7535,543
7539,541
7543,541
7546,543
7550,540
7555,540
7558,534
7562,529
7566,529
7569,533
7573,532
7577,532
7580,527
7584,530
7588,534
7591,534
7596,531
7599,532
7603,535
7607,538
7610,532
7614,524
7618,522
7621,521
7625,522
7629,530
7632,528
7636,528
7641,523
7644,522
7648,520
7652,521
7655,524
7659,531
7663,519
7666,517
7670,518
7674,522
7677,523
7682,526
7686,527
7689,524
7693,522
7696,525
7700,529
7704,526
7707,527
7711,531
7715,530
7718,522
7723,516
7727,516
7730,517
7734,513
7738,515
7741,511
7745,512
7749,510
7752,502
7756,500
7760,498
7763,502
7768,510
7772,510
7775,504
7779,498
7782,496
7786,498
7790,504
7793,505
7797,507
7801,510
7804,509
7809,513
7813,502
7816,495
7820,491
7824,492
7827,507
7831,506
7835,499
7838,496
7842,496
7846,497
7849,503
7854,501
7858,503
7861,501
7865,500
7868,499
7872,505
7876,511
7879,509
7883,511
7887,513
7890,508
7895,504
7899,505
7902,505
7906,504
7910,502
7913,501
7917,502
7921,507
7924,508
7928,506
7932,505
7936,506
7940,508
7944,511
7947,510
7951,511
7954,511
7958,512
7962,516
7965,511
7969,505
7973,499
7976,494
7981,490
7985,487
7988,490
7992,491
7996,493
7999,491
8003,489
8007,484
8010,483
8014,487
8018,487
8022,492
8026,486
8030,486
8033,481
8037,483
8040,485
8044,489
8048,490
8051,494
8055,496
8059,498
8062,499
8067,498
8071,497
8074,498
8078,500
8082,495
8085,493
8089,492
8093,494
8096,489
8100,480
8104,473
8108,468
8112,466
8116,464
8119,470
8123,472
8126,470
8130,472
8134,474
8137,478
8141,483
8145,484
8148,488
8153,491
8157,489
8160,487
8164,485
8168,483
8171,478
8175,480
8179,471
8182,466
8186,463
8190,463
8194,462
8198,460
8202,459
8205,457
8209,458
8212,468
8216,473
8220,473
8223,477
8227,480
8231,483
8235,484
8239,489
8243,493
8246,500
8250,509
8254,509
8257,510
8261,511
8265,508
8268,498
8272,498
8276,496
8280,493
8284,492
8288,495
8291,496
8295,495
8298,494
8302,494
8306,494
8309,495
8313,495
8317,491
8321,490
8325,489
8329,488
8332,490
8336,492
8340,491
8343,489
8347,484
8351,487
8354,488
8358,494
8363,495
8366,496
8370,497
8374,499
8377,500
8381,501
8384,503
8388,504
8392,501
8395,501
8399,495
8403,493
8407,493
8411,493
8415,495
8418,495
8422,494
8426,495
8429,494
8433,493
8437,492
8440,492
8444,493
8449,496
8452,496
8456,496
8460,498
8463,499
8467,501
8470,502
8474,503
8478,503
8481,504
8485,502
8489,500
8493,497
8497,495
8501,495
8504,495
8508,494
8512,494
8515,492
8519,494
8523,496
8526,497
8530,496
8535,497
8538,498
8542,498
8546,498
8549,498
8553,497
8556,498
8560,499
8564,500
8567,501
8571,501
8576,502
8579,501
8583,501
8587,502
8590,502
8594,499
8598,498
8601,499
8605,498
8609,497
8612,496
8616,493
8621,491
8624,488
8628,486
8632,485
8635,484
8639,482
8643,482
8646,481
8650,483
8653,483
8657,484
8662,483
8665,483
8669,485
8673,486
8676,490
8680,493
8684,492
8687,490
8691,488
8695,488
8698,489
8702,492
8707,493
8710,493
8714,493
8718,491
8721,495
8725,498
8729,498
8732,499
8736,502
8739,505
8743,504
8748,504
8751,504
8755,504
8759,503
8762,503
8766,505
8770,505
8773,505
8777,503
8781,504
8784,504
8788,505
8793,507
8796,506
8800,505
8804,506
8807,505
8811,506
8815,506
8818,505
8822,505
8825,507
8829,510
8834,511
8837,511
8841,514
8845,517
8848,521
8852,521
8856,523
8859,525
8863,529
8867,533
8870,537
8875,541
8879,543
8882,545
8886,547
8890,548
8893,547
8897,547
8901,547
8904,547
8908,548
8911,547
8915,546
8920,545
8923,545
8927,546
8931,544
8934,543
8938,544
8942,543
8945,541
8949,541
8953,541
8956,541
8961,539
8965,537
8968,537
8972,536
8976,536
8979,538
8983,539
8987,536
8990,537
8994,537
8997,540
9001,540
9006,540
9009,538
9013,536
9017,534
9020,532
9024,530
9028,529
9031,532
9035,534
9039,536
9042,537
9047,536
9051,534
9054,531
9058,528
9062,526
9065,527
9069,528
9073,529
9076,533
9080,538
9083,543
9088,546
9092,549
9095,551
9099,553
9103,553
9106,552
9110,551
9114,550
9117,551
9121,550
9125,552
9128,553
9133,554
9137,552
9140,551
9144,549
9148,549
9151,553
9155,552
9159,556
9162,559
9166,561
9169,563
9174,565
9178,565
9181,563
9185,561
9189,560
9192,559
9196,558
9200,557
9203,558
9207,559
9211,562
9214,560
9219,557
9223,550
9226,546
9230,544
9234,542
9237,541
9241,540
9245,540
9248,541
9252,540
9255,538
9260,536
9264,533
9267,530
9271,527
9275,523
9278,520
9282,519
9286,521
9289,525
9293,527
9297,528
9300,525
9305,524
9309,525
9312,526
9316,527
9320,527
9323,528
9327,529
9331,530
9334,530
9338,527
9341,521
9346,521
9350,521
9353,519
9357,517
9361,515
9364,514
9368,514
9372,515
9375,515
9379,516
9383,517
9387,516
9391,519
9395,521
9398,523
9402,526
9406,524
9409,522
9413,522
9417,523
9420,524
9424,523
9427,521
9432,521
9436,521
9439,518
9443,516
9447,515
9450,513
9454,514
9458,514
9461,514
9465,513
9469,514
9473,515
9477,517
9481,516
9484,516
9488,517
9492,514
9495,517
9499,520
9503,520
9506,518
9510,515
9513,515
9518,513
9522,512
9525,510
9529,512
9533,511
9536,511
9540,513
9544,514
9547,514
9551,515
9555,516
9559,516
9563,517
9567,518
9570,518
9574,519
9578,520
9581,523
9585,522
9589,521
9592,520
9596,521
9601,521
9604,521
9608,520
9611,520
9615,522
9619,522
9622,522
9626,523
9630,522
9633,522
9637,522
9641,522
9645,522
9649,522
9653,520
9656,519
9660,517
9664,515
9667,518
9671,520
9675,520
9678,519
9682,520
9687,518
9690,518
9694,519
9697,521
9701,522
9705,522
9708,522
9712,522
9716,520
9719,519
9723,519
9728,519
9731,520
9735,520
9739,520
9742,520
9746,523
9750,527
9753,529
9757,530
9761,527
9764,527
9768,528
9773,524
9776,524
9780,521
9783,520
9787,518
9791,516
9794,513
9798,510
9802,508
9805,509
9809,510
9814,512
9817,512
9821,512
9825,512
9828,512
9832,514
9836,516
9839,514
9843,515
9847,516
9850,514
9854,512
9859,511
9862,513
9866,513
9869,511
9873,509
9877,510
9880,509
9884,506
9888,508
9891,510
9895,510
9900,513
9903,513
9907,514
9911,516
9914,518
9918,519
9922,519
9925,519
9929,520
9933,520
9936,521
9940,520
9945,518
9948,517
9952,516
9955,510
9959,512
9963,513
9966,514
9970,514
9974,512
9977,512
9981,513
9986,512
9989,513
9993,513
9997,514
10000,513
10004,514
10008,515
10012,517
10016,520
10020,521
10024,519
10029,517
10033,515
10037,512
10041,510
10045,511
10049,510
10053,511
10057,511
10061,513
10065,514
10070,513
10074,516
10078,516
10082,518
10086,519
10090,519
10094,518
10098,517
10102,518
10106,516
10110,515
10115,515
10119,514
10123,512
10127,512
10131,512
10135,514
10139,510
10143,510
10147,510
10151,510
10156,510
10160,510
10164,512
10168,513
10172,514
10176,517
10180,519
10184,519
10188,521
10192,521
10196,520
10201,519
10205,517
10209,518
10212,516
10216,514
10220,513
10224,511
10228,509
10232,509
10236,506
10241,507
10245,508
10249,509
10253,506
10257,502
10261,503
10265,504
10269,503
10273,503
10277,502
10281,500
10286,501
10290,500
10294,499
10298,500
10302,499
10306,498
10310,496
10314,491
10318,491
10322,493
10327,497
10331,500
10335,500
10339,502
10343,503
10347,505
10351,506
10355,506
10359,502
10363,499
10368,500
10372,504
10376,505
10380,505
10384,504
10388,504
10392,503
10396,502
10400,503
10404,503
10408,502
10413,502
10417,502
10421,502
10425,503
10429,505
10433,505
10437,505
10441,505
10445,505
10449,505
10454,504
10458,502
10462,502
10466,498
10470,496
10473,497
10477,499
10481,503
10485,508
10489,510
10493,511
10498,511
10502,511
10506,510
10510,508
10514,508
10518,507
10522,507
10526,506
10530,506
10534,505
10539,506
10543,505
10547,501
10551,499
10555,496
10559,493
10563,491
10567,490
10571,491
10575,492
10579,491
10584,490
10588,488
10592,486
10596,485
10600,485
10604,483
10608,479
10612,481
10616,482
10620,482
10625,484
10629,484
10633,484
10637,484
10641,484
10645,486
10649,489
10653,493
10657,495
10661,496
10665,492
10670,492
10674,494
10678,494
10682,492
10686,491
10690,491
10694,493
10698,493
10702,492
10706,493
10711,494
10715,496
10719,496
10723,497
10727,498
10731,496
10734,494
10738,495
10742,495
10746,495
10750,493
10755,491
10759,489
10763,487
10767,486
10771,486
10775,487
10779,487
10783,486
10787,486
10791,487
10796,487
10800,487
10804,487
10808,489
10812,488
10816,487
10820,485
10824,485
10828,487
10832,490
10836,491
10841,489
10845,485
10849,481
10853,479
10857,479
10861,477
10865,474
10869,470
10873,469
10877,466
10882,472
10886,476
10890,476
10894,475
10898,475
10902,476
10906,479
10910,480
10914,481
10918,482
10923,483
10927,485
10931,483
10935,484
10939,485
10943,484
10947,485
10951,487
10955,487
10959,485
10963,485
10968,488
10972,491
10976,493
10980,495
10984,495
10988,496
10992,496
10995,496
10999,496
11003,496
11008,495
11012,496
11016,498
11020,500
11024,499
11028,496
11032,492
11036,486
11040,487
11044,488
11048,488
11053,488
11057,490
11061,493
11065,495
11069,497
11073,498
11077,499
11081,501
11085,502
11089,503
11094,502
11098,500
11102,501
11106,501
11110,500
11114,498
11118,500
11122,501
11126,503
11130,503
11134,503
11139,504
11143,502
11147,500
11151,501
11155,503
11159,504
11163,503
11167,503
11171,503
11175,500
11180,498
11184,497
11188,497
11192,494
11196,489
11200,483
11204,482
11208,480
11212,475
11216,471
11220,471
11225,469
11229,469
11233,471
11237,472
11241,473
11245,471
11249,468
11253,467
11256,460
11260,457
11265,455
11269,453
11273,452
11277,452
11281,452
11285,452
11289,451
11293,450
11297,448
11301,447
11305,444
11310,443
11314,442
11318,443
11322,443
11326,443
11330,443
11334,442
11338,441
11342,439
11346,441
11351,443
11355,445
11359,442
11363,443
11367,446
11371,449
11375,452
11379,455
11383,457
11387,459
11392,460
11396,461
11400,461
11404,461
11408,460
11412,458
11416,459
11420,460
11424,463
11428,466
11432,470
11437,473
11441,473
11445,475
11449,478
11453,481
11457,482
11461,484
11465,484
11469,485
11473,485
11478,486
11482,489
11486,492
11490,493
11494,494
11498,495
11502,493
11506,493
11510,495
11514,496
11517,494
11522,498
11526,500
11530,502
11534,503
11538,500
11542,499
11546,502
11550,501
11554,501
11558,502
11563,502
11567,498
11571,500
11575,501
11579,501
11583,501
11587,502
11591,502
11595,500
11599,500
11603,500
11608,500
11612,501
11616,498
11620,500
11624,502
11628,501
11632,499
11636,497
11640,496
11644,499
11649,498
11653,500
11657,500
11661,500
11665,501
11669,502
11673,498
11677,500
11681,501
11685,501
11689,501
11694,498
11698,497
11702,495
11706,496
11710,498
11714,500
11718,500
11722,498
11726,500
11730,503
11735,504
11739,505
11743,508
11747,509
11751,509
11755,509
11759,510
11763,513
11767,513
11771,513
11776,508
11779,505
11783,504
11787,504
11791,504
11795,504
11799,504
11803,502
11807,503
11811,506
11815,509
11820,508
11824,508
11828,508
11832,507
11836,506
11840,508
11844,508
11848,508
11852,507
11856,508
11860,508
11865,509
11869,511
11873,510
11877,509
11881,507
11885,505
11889,506
11893,508
11897,510
11901,509
11906,509
11910,510
11914,514
11918,511
11922,510
11926,509
11930,510
11934,511
11938,513
11942,515
11947,515
11951,516
11955,516
11959,514
11963,511
11967,507
11971,506
11975,507
11979,508
11983,509
11987,511
11992,511
11996,512
12000,510
12004,509
12008,507
12012,506
12016,507
12020,509
12024,512
12028,515
12033,514
12037,513
12040,516
12044,517
12048,518
12052,518
12056,517
12060,515
12064,515
12068,514
12072,514
12077,516
12081,516
12085,514
12089,514
12093,514
12097,514
12101,513
12105,515
12109,516
12113,519
12118,521
12122,519
12126,517
12130,514
12134,513
12138,512
12142,510
12146,509
12150,509
12154,509
12158,512
12163,518
12167,520
12171,525
12175,525
12179,522
12183,520
12187,521
12191,521
12195,520
12199,519
12204,520
12208,522
12212,525
12216,528
12220,530
12224,530
12228,531
12232,537
12236,538
12240,541
12244,540
12249,539
12253,543
12257,545
12261,546
12265,547
12269,548
12273,551
12277,554
12281,555
12285,558
12290,559
12294,559
12298,563
12301,568
12305,573
12309,574
12313,573
12317,573
12321,575
12325,573
12329,572
12334,570
12338,570
12342,573
12346,575
12350,580
12354,584
12358,587
12362,589
12366,591
12370,595
12375,598
12379,604
12383,611
12387,619
12391,624
12395,625
12399,620
12403,609
12407,598
12411,587
12416,566
12420,531
12424,502
12428,489
12432,490
12436,499
12440,511
12444,524
12448,534
12452,543
12456,544
12461,546
12465,549
12469,552
12473,555
12477,558
12481,561
12485,561
12489,560
12493,559
12497,557
12502,554
12506,548
12510,543
12514,541
12518,541
12522,548
12526,553
12530,556
12534,555
12538,557
12542,559
12547,563
12551,566
12555,566
12559,563
12562,562
12566,561
12570,558
12574,556
12578,555
12582,553
12587,550
12591,550
12595,549
12599,546
12603,543
12607,540
12611,541
12615,543
12619,540
12623,535
12627,531
12632,526
12636,523
12640,523
12644,524
12648,527
12652,526
12656,524
12660,518
12664,517
12668,519
12673,522
12677,520
12681,515
12685,512
12689,506
12693,502
12697,500
12701,498
12705,496
12709,496
12713,495
12718,494
12722,495
12726,498
12730,499
12734,500
12738,497
12742,501
12746,505
12750,510
12754,513
12759,512
12763,512
12767,512
12771,514
12775,514
12779,511
12783,509
12787,510
12791,511
12795,515
12800,519
12804,519
12808,515
12812,509
12816,512
12820,519
12823,522
12827,522
12831,523
12835,524
12839,526
12844,527
12848,527
12852,526
12856,524
12860,522
12864,523
12868,527
12872,529
12876,533
12880,535
12884,536
12889,535
12893,533
12897,532
12901,533
12905,530
12909,529
12913,525
12917,526
12921,526
12925,527
12930,531
12934,534
12938,535
12942,536
12946,537
12950,535
12954,533
12958,531
12962,534
12966,544
12971,556
12975,573
12979,592
12983,622
12987,643
12991,653
12995,659
12999,659
13003,658
13007,656
13011,653
13016,653
13020,655
13024,657
13028,658
13032,659
13036,658
13040,656
13044,655
13048,653
13052,650
13057,653
13061,661
13065,670
13069,675
13073,677
13077,679
13081,683
13084,684
13088,684
13092,686
13096,686
13101,683
13105,683
13109,684
13113,686
13117,690
13121,692
13125,694
13129,696
13133,695
13137,699
13142,701
13146,701
13150,697
13154,692
13158,686
13162,678
13166,669
13170,663
13174,656
13178,648
13182,642
13187,637
13191,634
13195,633
13199,636
13203,636
13207,634
13211,630
13215,622
13219,610
13223,604
13228,596
13232,585
13236,573
13240,560
13244,550
13248,542
13252,532
13256,522
13260,516
13264,510
13268,507
13273,512
13277,522
13281,536
13285,553
13289,573
13293,595
13297,616
13301,636
13305,657
13309,680
13314,705
13318,735
13322,766
13326,793
13330,817
13334,839
13338,858
13342,876
13345,887
13349,896
13353,901
13358,904
13362,904
13366,899
13370,891
13374,884
13378,875
13382,864
13386,855
13390,848
13394,837
13399,815
13403,788
13407,758
13411,734
13415,717
13419,703
13423,689
13427,671
13431,651
13435,626
13440,605
13444,597
13448,604
13452,622
13456,644
13460,657
13464,656
13468,657
13472,675
13476,716
13480,778
13485,860
13489,948
13493,1023
13497,1023
13501,1023
13506,1023
13510,1023
13514,1023
13519,1023
13523,1023
13528,1023
13533,1023
13537,1023
13541,1023
13546,1023
13550,1023
13554,1023
13559,1023
13563,1023
13568,1023
13572,1023
13577,1023
13581,1023
13585,1023
13590,1023
13594,1023
13598,1023
13603,1023
13607,1023
13612,1023
13617,1023
13621,1023
13625,1023
13630,1023
13634,1023
13638,1023
13643,1023
13647,1023
13651,1023
13656,1023
13661,1023
13665,1023
13669,1023
13674,1023
13678,1023
13682,1023
13687,1023
13691,1023
13696,1023
13701,1023
13705,1023
13709,1023
13714,1023
13718,1023
13722,1023
13727,1023
13731,1023
13735,1023
13740,1023
13745,1023
13749,1023
13753,1023
13758,1023
13762,1023
13766,1023
13771,1023
13775,1023
13779,1023
13785,1023
13789,1023
13793,1023
13798,1023
13802,1023
13806,1023
13811,1023
13815,1023
13819,1023
13824,1023
13829,1023
13833,1023
13837,1023
13842,1023
13846,1023
13850,1023
13855,1023
13859,1023
13863,1023
13869,1023
13873,1023
13877,1023
13882,1023
13886,1023
13890,1023
13895,1023
13899,1023
13903,1023
13908,1023
13913,1023
13917,1023
13921,1023
13926,1023
13930,1023
13934,1023
13939,1023
13943,1023
13947,1023
13953,1023
13957,1023
13961,1023
13966,1023
13970,1023
13974,1023
13979,1023
13983,1023
13987,1023
13992,1023
13997,1023
14001,1023
14005,1023
14010,1023
14014,1023
14018,1023
14023,1023
14027,1023
14031,1023
14036,1023
14041,1023
14045,1023
14050,1023
14054,1023
14058,1023
14063,1023
14067,1023
14071,1023
14076,1023
14081,1023
14085,1023
14089,1023
14094,1023
14098,1023
14102,1023
14107,1023
14111,1023
14115,1023
14120,1023
14125,1023
14129,1023
14134,1023
14138,1023
14142,1023
14147,1023
14151,1023
14155,1023
14160,1023
14164,1023
14169,1023
14173,1023
14178,1023
14182,1023
14186,1023
14191,1023
14195,1023
14199,1023
14204,1023
14209,1023
14213,1023
14218,1023
14222,1023
14226,1023
14231,1023
14235,1023
14239,1023
14244,1019
14248,1015
14253,1011
14258,1011
14262,1010
14266,1007
14270,1005
14275,1005
14279,1000
14283,998
14287,996
14291,997
14296,998
14300,998
14304,996
14308,993
14312,992
14316,993
14320,994
14324,994
14328,992
14332,988
14337,985
14341,980
14345,974
14349,969
14353,965
14357,961
14361,959
14365,956
14369,954
14373,952
14377,951
14382,951
14386,949
